21 1641217645851 61.000000 0.000000 0.000000 95.000000
21 1641217651016 60.000000 0.000000 0.000000 95.000000
21 1641217651018 60.000000 0.000000 0.000000 95.000000
21 1641217651019 60.000000 0.000000 0.000000 95.000000
21 1641217651020 60.000000 0.000000 0.000000 95.000000
21 1641217651021 60.000000 0.000000 0.000000 95.000000
21 1641217652044 60.000000 0.000000 0.000000 95.000000
21 1641217655866 60.000000 0.000000 0.000000 95.000000
21 1641217655868 60.000000 0.000000 0.000000 95.000000
21 1641217655869 60.000000 0.000000 0.000000 95.000000
21 1641217655870 61.000000 0.000000 0.000000 95.000000
21 1641217656893 60.000000 0.000000 0.000000 95.000000
21 1641217660862 60.000000 0.000000 0.000000 95.000000
21 1641217660863 60.000000 0.000000 0.000000 95.000000
21 1641217660865 61.000000 0.000000 0.000000 95.000000
21 1641217660866 61.000000 0.000000 0.000000 95.000000
21 1641217661894 60.000000 0.000000 0.000000 95.000000
21 1641217746943 60.000000 0.000000 0.000000 95.000000
21 1641217746945 60.000000 0.000000 0.000000 95.000000
21 1641217746946 60.000000 0.000000 0.000000 95.000000
21 1641217746947 60.000000 0.000000 0.000000 95.000000
21 1641217746948 60.000000 0.000000 0.000000 95.000000
21 1641217746949 60.000000 0.000000 0.000000 95.000000
21 1641217746950 60.000000 0.000000 0.000000 95.000000
21 1641217746951 60.000000 0.000000 0.000000 95.000000
21 1641217746952 60.000000 0.000000 0.000000 95.000000
21 1641217746953 60.000000 0.000000 0.000000 95.000000
21 1641217746954 60.000000 0.000000 0.000000 95.000000
21 1641217746958 60.000000 0.000000 0.000000 95.000000
21 1641217746959 61.000000 0.000000 0.000000 95.000000
21 1641217746960 60.000000 0.000000 0.000000 95.000000
21 1641217746961 60.000000 0.000000 0.000000 95.000000
21 1641217746962 60.000000 0.000000 0.000000 95.000000
21 1641217746963 60.000000 0.000000 0.000000 95.000000
21 1641217746964 60.000000 0.000000 0.000000 95.000000
21 1641217746965 60.000000 0.000000 0.000000 95.000000
21 1641217746968 60.000000 0.000000 0.000000 95.000000
21 1641217746969 60.000000 0.000000 0.000000 95.000000
21 1641217746970 60.000000 0.000000 0.000000 95.000000
21 1641217746972 60.000000 0.000000 0.000000 95.000000
21 1641217746973 60.000000 0.000000 0.000000 95.000000
21 1641217746974 60.000000 0.000000 0.000000 95.000000
21 1641217746974 60.000000 0.000000 0.000000 95.000000
21 1641217746975 60.000000 0.000000 0.000000 95.000000
21 1641217746975 60.000000 0.000000 0.000000 95.000000
21 1641217746976 60.000000 0.000000 0.000000 95.000000
21 1641217746976 60.000000 0.000000 0.000000 95.000000
21 1641217746977 60.000000 0.000000 0.000000 95.000000
21 1641217746978 60.000000 0.000000 0.000000 95.000000
21 1641217746978 60.000000 0.000000 0.000000 95.000000
21 1641217746979 60.000000 0.000000 0.000000 95.000000
21 1641217746979 60.000000 0.000000 0.000000 95.000000
21 1641217746980 60.000000 0.000000 0.000000 95.000000
21 1641217746981 60.000000 0.000000 0.000000 95.000000
21 1641217746982 60.000000 0.000000 0.000000 95.000000
21 1641217746983 60.000000 0.000000 0.000000 95.000000
21 1641217746984 60.000000 0.000000 0.000000 95.000000
21 1641217746985 61.000000 0.000000 0.000000 95.000000
21 1641217746986 60.000000 0.000000 0.000000 95.000000
21 1641217746987 60.000000 0.000000 0.000000 95.000000
21 1641217746988 60.000000 0.000000 0.000000 95.000000
21 1641217746989 60.000000 0.000000 0.000000 95.000000
21 1641217746990 60.000000 0.000000 0.000000 95.000000
21 1641217746991 60.000000 0.000000 0.000000 95.000000
21 1641217746992 60.000000 0.000000 0.000000 95.000000
21 1641217746993 60.000000 0.000000 0.000000 95.000000
21 1641217746994 60.000000 0.000000 0.000000 95.000000
21 1641217746994 60.000000 0.000000 0.000000 95.000000
21 1641217746995 61.000000 0.000000 0.000000 95.000000
21 1641217746996 60.000000 0.000000 0.000000 95.000000
21 1641217746997 60.000000 0.000000 0.000000 95.000000
21 1641217746997 60.000000 0.000000 0.000000 95.000000
21 1641217746998 60.000000 0.000000 0.000000 95.000000
21 1641217746999 60.000000 0.000000 0.000000 95.000000
21 1641217747000 60.000000 0.000000 0.000000 95.000000
21 1641217747000 60.000000 0.000000 0.000000 95.000000
21 1641217747001 60.000000 0.000000 0.000000 95.000000
21 1641217747002 60.000000 0.000000 0.000000 95.000000
21 1641217747002 60.000000 0.000000 0.000000 95.000000
21 1641217747004 60.000000 0.000000 0.000000 95.000000
21 1641217747004 60.000000 0.000000 0.000000 95.000000
21 1641217747005 60.000000 0.000000 0.000000 95.000000
21 1641217747005 60.000000 0.000000 0.000000 95.000000
21 1641217747005 60.000000 0.000000 0.000000 95.000000
21 1641217747006 60.000000 0.000000 0.000000 95.000000
21 1641217747006 60.000000 0.000000 0.000000 95.000000
21 1641217747007 60.000000 0.000000 0.000000 95.000000
21 1641217747007 60.000000 0.000000 0.000000 95.000000
21 1641217747008 60.000000 0.000000 0.000000 95.000000
21 1641217747008 60.000000 0.000000 0.000000 95.000000
21 1641217747009 60.000000 0.000000 0.000000 95.000000
21 1641217747009 60.000000 0.000000 0.000000 95.000000
21 1641217747010 60.000000 0.000000 0.000000 95.000000
21 1641217747010 60.000000 0.000000 0.000000 95.000000
21 1641217747010 60.000000 0.000000 0.000000 95.000000
21 1641217747011 60.000000 0.000000 0.000000 95.000000
21 1641217747011 60.000000 0.000000 0.000000 95.000000
21 1641217747012 60.000000 0.000000 0.000000 95.000000
21 1641217747012 60.000000 0.000000 0.000000 95.000000
21 1641217747013 60.000000 0.000000 0.000000 95.000000
21 1641217747013 60.000000 0.000000 0.000000 95.000000
21 1641217747014 60.000000 0.000000 0.000000 95.000000
21 1641217747962 60.000000 0.000000 0.000000 95.000000
21 1641217924192 60.000000 0.000000 0.000000 95.000000
21 1641217924195 60.000000 0.000000 0.000000 95.000000
21 1641217924195 60.000000 0.000000 0.000000 95.000000
21 1641217924195 60.000000 0.000000 0.000000 95.000000
21 1641217924196 60.000000 0.000000 0.000000 95.000000
21 1641217924197 60.000000 0.000000 0.000000 95.000000
21 1641217924197 60.000000 0.000000 0.000000 95.000000
21 1641217924198 60.000000 0.000000 0.000000 95.000000
21 1641217924202 60.000000 0.000000 0.000000 95.000000
21 1641217924203 60.000000 0.000000 0.000000 95.000000
21 1641217924203 60.000000 0.000000 0.000000 95.000000
21 1641217924206 60.000000 0.000000 0.000000 95.000000
21 1641217924206 60.000000 0.000000 0.000000 95.000000
21 1641217924207 60.000000 0.000000 0.000000 95.000000
21 1641217924207 60.000000 0.000000 0.000000 95.000000
21 1641217924207 60.000000 0.000000 0.000000 95.000000
21 1641217924207 60.000000 0.000000 0.000000 95.000000
21 1641217924208 60.000000 0.000000 0.000000 95.000000
21 1641217924208 60.000000 0.000000 0.000000 95.000000
21 1641217924208 60.000000 0.000000 0.000000 95.000000
21 1641217924208 60.000000 0.000000 0.000000 95.000000
21 1641217924209 60.000000 0.000000 0.000000 95.000000
21 1641217924237 60.000000 0.000000 0.000000 95.000000
21 1641217924241 61.000000 0.000000 0.000000 95.000000
21 1641217924242 61.000000 0.000000 0.000000 95.000000
21 1641217924242 60.000000 0.000000 0.000000 95.000000
21 1641217924256 60.000000 0.000000 0.000000 95.000000
21 1641217924257 60.000000 0.000000 0.000000 95.000000
21 1641217924257 60.000000 0.000000 0.000000 95.000000
21 1641217924257 60.000000 0.000000 0.000000 95.000000
21 1641217924258 60.000000 0.000000 0.000000 95.000000
21 1641217924258 60.000000 0.000000 0.000000 95.000000
21 1641217924258 60.000000 0.000000 0.000000 95.000000
21 1641217924258 60.000000 0.000000 0.000000 95.000000
21 1641217924259 60.000000 0.000000 0.000000 95.000000
21 1641217924259 60.000000 0.000000 0.000000 95.000000
21 1641217924259 60.000000 0.000000 0.000000 95.000000
21 1641217924259 60.000000 0.000000 0.000000 95.000000
21 1641217924260 60.000000 0.000000 0.000000 95.000000
21 1641217924260 60.000000 0.000000 0.000000 95.000000
21 1641217924260 60.000000 0.000000 0.000000 95.000000
21 1641217924260 60.000000 0.000000 0.000000 95.000000
21 1641217924260 60.000000 0.000000 0.000000 95.000000
21 1641217924261 60.000000 0.000000 0.000000 95.000000
21 1641217924261 60.000000 0.000000 0.000000 95.000000
21 1641217924261 60.000000 0.000000 0.000000 95.000000
21 1641217924364 60.000000 0.000000 0.000000 95.000000
21 1641217924364 60.000000 0.000000 0.000000 95.000000
21 1641217924365 60.000000 0.000000 0.000000 95.000000
21 1641217924365 60.000000 0.000000 0.000000 95.000000
21 1641217924383 60.000000 0.000000 0.000000 95.000000
21 1641217924383 60.000000 0.000000 0.000000 95.000000
21 1641217924384 60.000000 0.000000 0.000000 95.000000
21 1641217924384 60.000000 0.000000 0.000000 95.000000
21 1641217924384 60.000000 0.000000 0.000000 95.000000
21 1641217924384 60.000000 0.000000 0.000000 95.000000
21 1641217924424 60.000000 0.000000 0.000000 95.000000
21 1641217924435 60.000000 0.000000 0.000000 95.000000
21 1641217924435 60.000000 0.000000 0.000000 95.000000
21 1641217924435 60.000000 0.000000 0.000000 95.000000
21 1641217924436 60.000000 0.000000 0.000000 95.000000
21 1641217924436 60.000000 0.000000 0.000000 95.000000
21 1641217924436 60.000000 0.000000 0.000000 95.000000
21 1641217924436 60.000000 0.000000 0.000000 95.000000
21 1641217924437 60.000000 0.000000 0.000000 95.000000
21 1641217924437 60.000000 0.000000 0.000000 95.000000
21 1641217924437 60.000000 0.000000 0.000000 95.000000
21 1641217924437 60.000000 0.000000 0.000000 95.000000
21 1641217924506 60.000000 0.000000 0.000000 95.000000
21 1641217924507 60.000000 0.000000 0.000000 95.000000
21 1641217924508 60.000000 0.000000 0.000000 95.000000
21 1641217924508 60.000000 0.000000 0.000000 95.000000
21 1641217924524 60.000000 0.000000 0.000000 95.000000
21 1641217924529 60.000000 0.000000 0.000000 95.000000
21 1641217924529 60.000000 0.000000 0.000000 95.000000
21 1641217924530 60.000000 0.000000 0.000000 95.000000
21 1641217924530 60.000000 0.000000 0.000000 95.000000
21 1641217924532 60.000000 0.000000 0.000000 95.000000
21 1641217924532 61.000000 0.000000 0.000000 95.000000
21 1641217924532 61.000000 0.000000 0.000000 95.000000
21 1641217924532 61.000000 0.000000 0.000000 95.000000
21 1641217924532 60.000000 0.000000 0.000000 95.000000
21 1641217924533 60.000000 0.000000 0.000000 95.000000
21 1641217924533 60.000000 0.000000 0.000000 95.000000
21 1641217924533 60.000000 0.000000 0.000000 95.000000
21 1641217924534 60.000000 0.000000 0.000000 95.000000
21 1641217924534 60.000000 0.000000 0.000000 95.000000
21 1641217924534 60.000000 0.000000 0.000000 95.000000
21 1641217924534 60.000000 0.000000 0.000000 95.000000
21 1641217924534 60.000000 0.000000 0.000000 95.000000
21 1641217924535 60.000000 0.000000 0.000000 95.000000
21 1641217924535 60.000000 0.000000 0.000000 95.000000
21 1641217924586 60.000000 0.000000 0.000000 95.000000
21 1641217924586 60.000000 0.000000 0.000000 95.000000
21 1641217924587 60.000000 0.000000 0.000000 95.000000
21 1641217924587 60.000000 0.000000 0.000000 95.000000
21 1641217924587 60.000000 0.000000 0.000000 95.000000
21 1641217924587 60.000000 0.000000 0.000000 95.000000
21 1641217924587 60.000000 0.000000 0.000000 95.000000
21 1641217924588 60.000000 0.000000 0.000000 95.000000
21 1641217924588 60.000000 0.000000 0.000000 95.000000
21 1641217924588 60.000000 0.000000 0.000000 95.000000
21 1641217924588 60.000000 0.000000 0.000000 95.000000
21 1641217924589 60.000000 0.000000 0.000000 95.000000
21 1641217924589 60.000000 0.000000 0.000000 95.000000
21 1641217924593 60.000000 0.000000 0.000000 95.000000
21 1641217924594 60.000000 0.000000 0.000000 95.000000
21 1641217924594 60.000000 0.000000 0.000000 95.000000
21 1641217924594 60.000000 0.000000 0.000000 95.000000
21 1641217924594 60.000000 0.000000 0.000000 95.000000
21 1641217924595 60.000000 0.000000 0.000000 95.000000
21 1641217924595 60.000000 0.000000 0.000000 95.000000
21 1641217924595 60.000000 0.000000 0.000000 95.000000
21 1641217924595 60.000000 0.000000 0.000000 95.000000
21 1641217924595 60.000000 0.000000 0.000000 95.000000
21 1641217924596 60.000000 0.000000 0.000000 95.000000
21 1641217924596 60.000000 0.000000 0.000000 95.000000
21 1641217924596 60.000000 0.000000 0.000000 95.000000
21 1641217924596 60.000000 0.000000 0.000000 95.000000
21 1641217924597 61.000000 0.000000 0.000000 95.000000
21 1641217924597 60.000000 0.000000 0.000000 95.000000
21 1641217924597 60.000000 0.000000 0.000000 95.000000
21 1641217924597 60.000000 0.000000 0.000000 95.000000
21 1641217924625 60.000000 0.000000 0.000000 95.000000
21 1641217924626 60.000000 0.000000 0.000000 95.000000
21 1641217924626 60.000000 0.000000 0.000000 95.000000
21 1641217924626 60.000000 0.000000 0.000000 95.000000
21 1641217924627 61.000000 0.000000 0.000000 95.000000
21 1641217924627 60.000000 0.000000 0.000000 95.000000
21 1641217924627 60.000000 0.000000 0.000000 95.000000
21 1641217924627 60.000000 0.000000 0.000000 95.000000
21 1641217924627 60.000000 0.000000 0.000000 95.000000
21 1641217924628 60.000000 0.000000 0.000000 95.000000
21 1641217924628 60.000000 0.000000 0.000000 95.000000
21 1641217924628 60.000000 0.000000 0.000000 95.000000
21 1641217924628 61.000000 0.000000 0.000000 95.000000
21 1641217924629 60.000000 0.000000 0.000000 95.000000
21 1641217924629 60.000000 0.000000 0.000000 95.000000
21 1641217924629 60.000000 0.000000 0.000000 95.000000
21 1641217924629 60.000000 0.000000 0.000000 95.000000
21 1641217924648 60.000000 0.000000 0.000000 95.000000
21 1641217924648 60.000000 0.000000 0.000000 95.000000
21 1641217924648 60.000000 0.000000 0.000000 95.000000
21 1641217924649 60.000000 0.000000 0.000000 95.000000
21 1641217924649 60.000000 0.000000 0.000000 95.000000
21 1641217924649 60.000000 0.000000 0.000000 95.000000
21 1641217924649 60.000000 0.000000 0.000000 95.000000
21 1641217924650 60.000000 0.000000 0.000000 95.000000
21 1641217924651 60.000000 0.000000 0.000000 95.000000
21 1641217924651 60.000000 0.000000 0.000000 95.000000
21 1641217924651 60.000000 0.000000 0.000000 95.000000
21 1641217924651 60.000000 0.000000 0.000000 95.000000
21 1641217924651 60.000000 0.000000 0.000000 95.000000
21 1641217924652 60.000000 0.000000 0.000000 95.000000
21 1641217924654 60.000000 0.000000 0.000000 95.000000
21 1641217924654 60.000000 0.000000 0.000000 95.000000
21 1641217924655 60.000000 0.000000 0.000000 95.000000
21 1641217924655 60.000000 0.000000 0.000000 95.000000
21 1641217924655 60.000000 0.000000 0.000000 95.000000
21 1641217924655 60.000000 0.000000 0.000000 95.000000
21 1641217924655 60.000000 0.000000 0.000000 95.000000
21 1641217924656 60.000000 0.000000 0.000000 95.000000
21 1641217924706 60.000000 0.000000 0.000000 95.000000
21 1641217924707 60.000000 0.000000 0.000000 95.000000
21 1641217924707 61.000000 0.000000 0.000000 95.000000
21 1641217924707 60.000000 0.000000 0.000000 95.000000
21 1641217924708 60.000000 0.000000 0.000000 95.000000
21 1641217924708 60.000000 0.000000 0.000000 95.000000
21 1641217924708 60.000000 0.000000 0.000000 95.000000
21 1641217924708 60.000000 0.000000 0.000000 95.000000
21 1641217924709 60.000000 0.000000 0.000000 95.000000
21 1641217924709 60.000000 0.000000 0.000000 95.000000
21 1641217924709 60.000000 0.000000 0.000000 95.000000
21 1641217925224 60.000000 0.000000 0.000000 95.000000
21 1641217926258 60.000000 0.000000 0.000000 95.000000
21 1641217927292 60.000000 0.000000 0.000000 95.000000
21 1641217928326 60.000000 0.000000 0.000000 95.000000
21 1641217929361 60.000000 0.000000 0.000000 95.000000
21 1641217930395 60.000000 0.000000 0.000000 95.000000
21 1641217931431 60.000000 0.000000 0.000000 95.000000
21 1641217932467 61.000000 0.000000 0.000000 95.000000
21 1641217933507 60.000000 0.000000 0.000000 95.000000
21 1641217934542 61.000000 0.000000 0.000000 95.000000
21 1641217935576 61.000000 0.000000 0.000000 95.000000
21 1641217936610 60.000000 0.000000 0.000000 95.000000
21 1641217937647 60.000000 0.000000 0.000000 95.000000
21 1641217938683 60.000000 0.000000 0.000000 95.000000
21 1641217939718 60.000000 0.000000 0.000000 95.000000
21 1641217940753 60.000000 0.000000 0.000000 95.000000
21 1641217941789 60.000000 0.000000 0.000000 95.000000
21 1641217942823 60.000000 0.000000 0.000000 95.000000
21 1641217943860 60.000000 0.000000 0.000000 95.000000
21 1641217944895 60.000000 0.000000 0.000000 95.000000
21 1641217945930 60.000000 0.000000 0.000000 95.000000
21 1641217946965 60.000000 0.000000 0.000000 95.000000
21 1641217948000 60.000000 0.000000 0.000000 95.000000
21 1641217949036 60.000000 0.000000 0.000000 95.000000
21 1641217950071 61.000000 0.000000 0.000000 95.000000
21 1641217951106 60.000000 0.000000 0.000000 95.000000
21 1641217952142 60.000000 0.000000 0.000000 95.000000
21 1641217953177 60.000000 0.000000 0.000000 95.000000
21 1641217954214 60.000000 0.000000 0.000000 94.000000
21 1641217955249 60.000000 0.000000 0.000000 94.000000
21 1641217976527 61.000000 0.000000 0.000000 94.000000
21 1641217976527 61.000000 0.000000 0.000000 94.000000
21 1641217976528 60.000000 0.000000 0.000000 94.000000
21 1641217976533 60.000000 0.000000 0.000000 94.000000
21 1641217976533 60.000000 0.000000 0.000000 94.000000
21 1641217976534 60.000000 0.000000 0.000000 94.000000
21 1641217976534 60.000000 0.000000 0.000000 94.000000
21 1641217976534 60.000000 0.000000 0.000000 94.000000
21 1641217976535 60.000000 0.000000 0.000000 94.000000
21 1641217976535 60.000000 0.000000 0.000000 94.000000
21 1641217976535 60.000000 0.000000 0.000000 94.000000
21 1641217976536 60.000000 0.000000 0.000000 94.000000
21 1641217976536 60.000000 0.000000 0.000000 94.000000
21 1641217976536 60.000000 0.000000 0.000000 94.000000
21 1641217976536 60.000000 0.000000 0.000000 94.000000
21 1641217976537 60.000000 0.000000 0.000000 94.000000
21 1641217976537 60.000000 0.000000 0.000000 94.000000
21 1641217976537 60.000000 0.000000 0.000000 94.000000
21 1641217976537 60.000000 0.000000 0.000000 94.000000
21 1641217976538 60.000000 0.000000 0.000000 94.000000
21 1641217976538 60.000000 0.000000 0.000000 94.000000
21 1641217977560 60.000000 0.000000 0.000000 94.000000
21 1641217978595 60.000000 0.000000 0.000000 94.000000
21 1641218108190 60.000000 0.000000 0.000000 94.000000
21 1641218108191 60.000000 0.000000 0.000000 94.000000
21 1641218108191 60.000000 0.000000 0.000000 94.000000
21 1641218108192 60.000000 0.000000 0.000000 94.000000
21 1641218108192 60.000000 0.000000 0.000000 94.000000
21 1641218108192 60.000000 0.000000 0.000000 94.000000
21 1641218108192 60.000000 0.000000 0.000000 94.000000
21 1641218108193 60.000000 0.000000 0.000000 94.000000
21 1641218108193 60.000000 0.000000 0.000000 94.000000
21 1641218108193 60.000000 0.000000 0.000000 94.000000
21 1641218108194 60.000000 0.000000 0.000000 94.000000
21 1641218108196 60.000000 0.000000 0.000000 94.000000
21 1641218108197 60.000000 0.000000 0.000000 94.000000
21 1641218108198 60.000000 0.000000 0.000000 94.000000
21 1641218108199 60.000000 0.000000 0.000000 94.000000
21 1641218108208 60.000000 0.000000 0.000000 94.000000
21 1641218108209 60.000000 0.000000 0.000000 94.000000
21 1641218108210 60.000000 0.000000 0.000000 94.000000
21 1641218108210 60.000000 0.000000 0.000000 94.000000
21 1641218108211 60.000000 0.000000 0.000000 94.000000
21 1641218108211 60.000000 0.000000 0.000000 94.000000
21 1641218108218 60.000000 0.000000 0.000000 94.000000
21 1641218108219 60.000000 0.000000 0.000000 94.000000
21 1641218108220 60.000000 0.000000 0.000000 94.000000
21 1641218108221 60.000000 0.000000 0.000000 94.000000
21 1641218108221 60.000000 0.000000 0.000000 94.000000
21 1641218108221 60.000000 0.000000 0.000000 94.000000
21 1641218108221 60.000000 0.000000 0.000000 94.000000
21 1641218108222 60.000000 0.000000 0.000000 94.000000
21 1641218108222 60.000000 0.000000 0.000000 94.000000
21 1641218108222 60.000000 0.000000 0.000000 94.000000
21 1641218108223 60.000000 0.000000 0.000000 94.000000
21 1641218108223 60.000000 0.000000 0.000000 94.000000
21 1641218108223 60.000000 0.000000 0.000000 94.000000
21 1641218108227 60.000000 0.000000 0.000000 94.000000
21 1641218108229 60.000000 0.000000 0.000000 94.000000
21 1641218108232 60.000000 0.000000 0.000000 94.000000
21 1641218108233 60.000000 0.000000 0.000000 94.000000
21 1641218108233 60.000000 0.000000 0.000000 94.000000
21 1641218108233 60.000000 0.000000 0.000000 94.000000
21 1641218108234 60.000000 0.000000 0.000000 94.000000
21 1641218108234 60.000000 0.000000 0.000000 94.000000
21 1641218108234 60.000000 0.000000 0.000000 94.000000
21 1641218108234 60.000000 0.000000 0.000000 94.000000
21 1641218108235 60.000000 0.000000 0.000000 94.000000
21 1641218108235 60.000000 0.000000 0.000000 94.000000
21 1641218108241 60.000000 0.000000 0.000000 94.000000
21 1641218108244 60.000000 0.000000 0.000000 94.000000
21 1641218108246 60.000000 0.000000 0.000000 94.000000
21 1641218108246 60.000000 0.000000 0.000000 94.000000
21 1641218108246 60.000000 0.000000 0.000000 94.000000
21 1641218108247 60.000000 0.000000 0.000000 94.000000
21 1641218108247 60.000000 0.000000 0.000000 94.000000
21 1641218108249 60.000000 0.000000 0.000000 94.000000
21 1641218108250 60.000000 0.000000 0.000000 94.000000
21 1641218108252 60.000000 0.000000 0.000000 94.000000
21 1641218108255 60.000000 0.000000 0.000000 94.000000
21 1641218108255 60.000000 0.000000 0.000000 94.000000
21 1641218108255 60.000000 0.000000 0.000000 94.000000
21 1641218108256 60.000000 0.000000 0.000000 94.000000
21 1641218108256 60.000000 0.000000 0.000000 94.000000
21 1641218108256 60.000000 0.000000 0.000000 94.000000
21 1641218108257 60.000000 0.000000 0.000000 94.000000
21 1641218108257 60.000000 0.000000 0.000000 94.000000
21 1641218108257 60.000000 0.000000 0.000000 94.000000
21 1641218108258 60.000000 0.000000 0.000000 94.000000
21 1641218108258 60.000000 0.000000 0.000000 94.000000
21 1641218108258 60.000000 0.000000 0.000000 94.000000
21 1641218108258 60.000000 0.000000 0.000000 94.000000
21 1641218108259 60.000000 0.000000 0.000000 94.000000
21 1641218108259 60.000000 0.000000 0.000000 94.000000
21 1641218108259 61.000000 0.000000 0.000000 94.000000
21 1641218108280 61.000000 0.000000 0.000000 94.000000
21 1641218108280 60.000000 0.000000 0.000000 94.000000
21 1641218108281 60.000000 0.000000 0.000000 94.000000
21 1641218108281 60.000000 0.000000 0.000000 94.000000
21 1641218108281 60.000000 0.000000 0.000000 94.000000
21 1641218108282 60.000000 0.000000 0.000000 94.000000
21 1641218108282 60.000000 0.000000 0.000000 94.000000
21 1641218108282 60.000000 0.000000 0.000000 94.000000
21 1641218108282 60.000000 0.000000 0.000000 94.000000
21 1641218108283 60.000000 0.000000 0.000000 94.000000
21 1641218108283 60.000000 0.000000 0.000000 94.000000
21 1641218108283 60.000000 0.000000 0.000000 94.000000
21 1641218108292 60.000000 0.000000 0.000000 94.000000
21 1641218108292 60.000000 0.000000 0.000000 94.000000
21 1641218108293 60.000000 0.000000 0.000000 94.000000
21 1641218108293 60.000000 0.000000 0.000000 94.000000
21 1641218108293 60.000000 0.000000 0.000000 94.000000
21 1641218108293 60.000000 0.000000 0.000000 94.000000
21 1641218108294 60.000000 0.000000 0.000000 94.000000
21 1641218108294 60.000000 0.000000 0.000000 94.000000
21 1641218108294 60.000000 0.000000 0.000000 94.000000
21 1641218108295 60.000000 0.000000 0.000000 94.000000
21 1641218108295 60.000000 0.000000 0.000000 94.000000
21 1641218108295 60.000000 0.000000 0.000000 94.000000
21 1641218108298 60.000000 0.000000 0.000000 94.000000
21 1641218108298 60.000000 0.000000 0.000000 94.000000
21 1641218108298 60.000000 0.000000 0.000000 94.000000
21 1641218108299 60.000000 0.000000 0.000000 94.000000
21 1641218108299 60.000000 0.000000 0.000000 94.000000
21 1641218108299 60.000000 0.000000 0.000000 94.000000
21 1641218108300 60.000000 0.000000 0.000000 94.000000
21 1641218108300 60.000000 0.000000 0.000000 94.000000
21 1641218108301 60.000000 0.000000 0.000000 94.000000
21 1641218108301 60.000000 0.000000 0.000000 94.000000
21 1641218108301 60.000000 0.000000 0.000000 94.000000
21 1641218108301 60.000000 0.000000 0.000000 94.000000
21 1641218108302 60.000000 0.000000 0.000000 94.000000
21 1641218108302 60.000000 0.000000 0.000000 94.000000
21 1641218108302 60.000000 0.000000 0.000000 94.000000
21 1641218108303 60.000000 0.000000 0.000000 94.000000
21 1641218108303 60.000000 0.000000 0.000000 94.000000
21 1641218108303 60.000000 0.000000 0.000000 94.000000
21 1641218108309 60.000000 0.000000 0.000000 94.000000
21 1641218108309 60.000000 0.000000 0.000000 94.000000
21 1641218108309 60.000000 0.000000 0.000000 94.000000
21 1641218108309 60.000000 0.000000 0.000000 94.000000
21 1641218108310 60.000000 0.000000 0.000000 94.000000
21 1641218108310 60.000000 0.000000 0.000000 94.000000
21 1641218108310 60.000000 0.000000 0.000000 94.000000
21 1641218108311 60.000000 0.000000 0.000000 94.000000
21 1641218108311 60.000000 0.000000 0.000000 94.000000
21 1641218108311 60.000000 0.000000 0.000000 94.000000
21 1641218108312 60.000000 0.000000 0.000000 94.000000
21 1641218108312 60.000000 0.000000 0.000000 94.000000
21 1641218108312 60.000000 0.000000 0.000000 94.000000
21 1641218109225 60.000000 0.000000 0.000000 94.000000
21 1641218118852 60.000000 0.000000 0.000000 94.000000
21 1641218118852 60.000000 0.000000 0.000000 94.000000
21 1641218118853 60.000000 0.000000 0.000000 94.000000
21 1641218118853 60.000000 0.000000 0.000000 94.000000
21 1641218118853 60.000000 0.000000 0.000000 94.000000
21 1641218118853 60.000000 0.000000 0.000000 94.000000
21 1641218118854 60.000000 0.000000 0.000000 94.000000
21 1641218118854 60.000000 0.000000 0.000000 94.000000
21 1641218118854 60.000000 0.000000 0.000000 94.000000
21 1641218118854 60.000000 0.000000 0.000000 94.000000
21 1641218119888 60.000000 0.000000 0.000000 94.000000
21 1641218164886 60.000000 0.000000 0.000000 94.000000
21 1641218164889 60.000000 0.000000 0.000000 94.000000
21 1641218164890 60.000000 0.000000 0.000000 94.000000
21 1641218164891 60.000000 0.000000 0.000000 94.000000
21 1641218164892 60.000000 0.000000 0.000000 94.000000
21 1641218164893 60.000000 0.000000 0.000000 94.000000
21 1641218164894 60.000000 0.000000 0.000000 94.000000
21 1641218164895 60.000000 0.000000 0.000000 94.000000
21 1641218164895 60.000000 0.000000 0.000000 94.000000
21 1641218164898 60.000000 0.000000 0.000000 94.000000
21 1641218164899 60.000000 0.000000 0.000000 94.000000
21 1641218164900 60.000000 0.000000 0.000000 94.000000
21 1641218164901 60.000000 0.000000 0.000000 94.000000
21 1641218164902 60.000000 0.000000 0.000000 94.000000
21 1641218164903 60.000000 0.000000 0.000000 94.000000
21 1641218164904 60.000000 0.000000 0.000000 94.000000
21 1641218164905 60.000000 0.000000 0.000000 94.000000
21 1641218164906 60.000000 0.000000 0.000000 94.000000
21 1641218164907 60.000000 0.000000 0.000000 94.000000
21 1641218164908 60.000000 0.000000 0.000000 94.000000
21 1641218164909 60.000000 0.000000 0.000000 94.000000
21 1641218164910 60.000000 0.000000 0.000000 94.000000
21 1641218164911 61.000000 0.000000 0.000000 94.000000
21 1641218164912 61.000000 0.000000 0.000000 94.000000
21 1641218164915 60.000000 0.000000 0.000000 94.000000
21 1641218164916 61.000000 0.000000 0.000000 94.000000
21 1641218164917 60.000000 0.000000 0.000000 94.000000
21 1641218164918 61.000000 0.000000 0.000000 94.000000
21 1641218164919 60.000000 0.000000 0.000000 94.000000
21 1641218164920 60.000000 0.000000 0.000000 94.000000
21 1641218164921 60.000000 0.000000 0.000000 94.000000
21 1641218164922 60.000000 0.000000 0.000000 94.000000
21 1641218164923 60.000000 0.000000 0.000000 94.000000
21 1641218164924 60.000000 0.000000 0.000000 94.000000
21 1641218164925 60.000000 0.000000 0.000000 94.000000
21 1641218164926 60.000000 0.000000 0.000000 94.000000
21 1641218164927 60.000000 0.000000 0.000000 94.000000
21 1641218164929 60.000000 0.000000 0.000000 94.000000
21 1641218164929 60.000000 0.000000 0.000000 94.000000
21 1641218164930 60.000000 0.000000 0.000000 94.000000
21 1641218164931 60.000000 0.000000 0.000000 94.000000
21 1641218164931 60.000000 0.000000 0.000000 94.000000
21 1641218164932 60.000000 0.000000 0.000000 94.000000
21 1641218164933 60.000000 0.000000 0.000000 94.000000
21 1641218164934 60.000000 0.000000 0.000000 94.000000
21 1641218174945 60.000000 0.000000 0.000000 94.000000
21 1641218174946 60.000000 0.000000 0.000000 94.000000
21 1641218174946 60.000000 0.000000 0.000000 94.000000
21 1641218174946 60.000000 0.000000 0.000000 94.000000
21 1641218174947 60.000000 0.000000 0.000000 94.000000
21 1641218174947 60.000000 0.000000 0.000000 94.000000
21 1641218174947 60.000000 0.000000 0.000000 94.000000
21 1641218174948 60.000000 0.000000 0.000000 94.000000
21 1641218174948 60.000000 0.000000 0.000000 94.000000
21 1641218174948 60.000000 0.000000 0.000000 94.000000
21 1641218175981 60.000000 0.000000 0.000000 94.000000
21 1641218179866 60.000000 0.000000 0.000000 94.000000
21 1641218179868 60.000000 0.000000 0.000000 94.000000
21 1641218179869 60.000000 0.000000 0.000000 94.000000
21 1641218179870 60.000000 0.000000 0.000000 94.000000
21 1641218180899 60.000000 0.000000 0.000000 94.000000
21 1641218278814 60.000000 0.000000 0.000000 94.000000
21 1641218278819 60.000000 0.000000 0.000000 94.000000
21 1641218278819 60.000000 0.000000 0.000000 94.000000
21 1641218278820 60.000000 0.000000 0.000000 94.000000
21 1641218278820 60.000000 0.000000 0.000000 94.000000
21 1641218278820 60.000000 0.000000 0.000000 94.000000
21 1641218278820 60.000000 0.000000 0.000000 94.000000
21 1641218278820 60.000000 0.000000 0.000000 94.000000
21 1641218278821 60.000000 0.000000 0.000000 94.000000
21 1641218278821 60.000000 0.000000 0.000000 94.000000
21 1641218278821 60.000000 0.000000 0.000000 94.000000
21 1641218278822 60.000000 0.000000 0.000000 94.000000
21 1641218278822 60.000000 0.000000 0.000000 94.000000
21 1641218278822 60.000000 0.000000 0.000000 94.000000
21 1641218278822 60.000000 0.000000 0.000000 94.000000
21 1641218278822 60.000000 0.000000 0.000000 94.000000
21 1641218278823 60.000000 0.000000 0.000000 94.000000
21 1641218278823 60.000000 0.000000 0.000000 94.000000
21 1641218278823 60.000000 0.000000 0.000000 94.000000
21 1641218278823 60.000000 0.000000 0.000000 94.000000
21 1641218278824 60.000000 0.000000 0.000000 94.000000
21 1641218278824 60.000000 0.000000 0.000000 94.000000
21 1641218278824 60.000000 0.000000 0.000000 94.000000
21 1641218278824 60.000000 0.000000 0.000000 94.000000
21 1641218278825 60.000000 0.000000 0.000000 94.000000
21 1641218278825 60.000000 0.000000 0.000000 94.000000
21 1641218278825 60.000000 0.000000 0.000000 94.000000
21 1641218278825 60.000000 0.000000 0.000000 94.000000
21 1641218278826 60.000000 0.000000 0.000000 94.000000
21 1641218278826 60.000000 0.000000 0.000000 94.000000
21 1641218278826 60.000000 0.000000 0.000000 94.000000
21 1641218278826 60.000000 0.000000 0.000000 94.000000
21 1641218278826 60.000000 0.000000 0.000000 94.000000
21 1641218278827 60.000000 0.000000 0.000000 94.000000
21 1641218278827 60.000000 0.000000 0.000000 94.000000
21 1641218278827 60.000000 0.000000 0.000000 94.000000
21 1641218278827 60.000000 0.000000 0.000000 94.000000
21 1641218278828 60.000000 0.000000 0.000000 94.000000
21 1641218278828 60.000000 0.000000 0.000000 94.000000
21 1641218278828 60.000000 0.000000 0.000000 94.000000
21 1641218278828 60.000000 0.000000 0.000000 94.000000
21 1641218278829 60.000000 0.000000 0.000000 94.000000
21 1641218278829 60.000000 0.000000 0.000000 94.000000
21 1641218278829 60.000000 0.000000 0.000000 94.000000
21 1641218278829 60.000000 0.000000 0.000000 94.000000
21 1641218278829 60.000000 0.000000 0.000000 94.000000
21 1641218278830 60.000000 0.000000 0.000000 94.000000
21 1641218278830 60.000000 0.000000 0.000000 94.000000
21 1641218278830 61.000000 0.000000 0.000000 94.000000
21 1641218278830 60.000000 0.000000 0.000000 94.000000
21 1641218278831 60.000000 0.000000 0.000000 94.000000
21 1641218278831 60.000000 0.000000 0.000000 94.000000
21 1641218278831 60.000000 0.000000 0.000000 94.000000
21 1641218278831 60.000000 0.000000 0.000000 94.000000
21 1641218278832 60.000000 0.000000 0.000000 94.000000
21 1641218278832 61.000000 0.000000 0.000000 94.000000
21 1641218278832 60.000000 0.000000 0.000000 94.000000
21 1641218278832 60.000000 0.000000 0.000000 94.000000
21 1641218278832 60.000000 0.000000 0.000000 94.000000
21 1641218278833 60.000000 0.000000 0.000000 94.000000
21 1641218278833 60.000000 0.000000 0.000000 94.000000
21 1641218278834 60.000000 0.000000 0.000000 94.000000
21 1641218278834 60.000000 0.000000 0.000000 94.000000
21 1641218278834 60.000000 0.000000 0.000000 94.000000
21 1641218278834 60.000000 0.000000 0.000000 94.000000
21 1641218278835 60.000000 0.000000 0.000000 94.000000
21 1641218278835 61.000000 0.000000 0.000000 94.000000
21 1641218278835 60.000000 0.000000 0.000000 94.000000
21 1641218278835 60.000000 0.000000 0.000000 94.000000
21 1641218278835 60.000000 0.000000 0.000000 94.000000
21 1641218278836 60.000000 0.000000 0.000000 94.000000
21 1641218278836 60.000000 0.000000 0.000000 94.000000
21 1641218278836 60.000000 0.000000 0.000000 94.000000
21 1641218278836 60.000000 0.000000 0.000000 94.000000
21 1641218278837 60.000000 0.000000 0.000000 94.000000
21 1641218278837 60.000000 0.000000 0.000000 94.000000
21 1641218278837 60.000000 0.000000 0.000000 94.000000
21 1641218278837 60.000000 0.000000 0.000000 94.000000
21 1641218278838 60.000000 0.000000 0.000000 94.000000
21 1641218278838 60.000000 0.000000 0.000000 94.000000
21 1641218278838 60.000000 0.000000 0.000000 94.000000
21 1641218278838 60.000000 0.000000 0.000000 94.000000
21 1641218278838 60.000000 0.000000 0.000000 94.000000
21 1641218278839 60.000000 0.000000 0.000000 94.000000
21 1641218278839 60.000000 0.000000 0.000000 94.000000
21 1641218278839 60.000000 0.000000 0.000000 94.000000
21 1641218278839 60.000000 0.000000 0.000000 94.000000
21 1641218278840 60.000000 0.000000 0.000000 94.000000
21 1641218278840 61.000000 0.000000 0.000000 94.000000
21 1641218278840 60.000000 0.000000 0.000000 94.000000
21 1641218278840 60.000000 0.000000 0.000000 94.000000
21 1641218278840 60.000000 0.000000 0.000000 94.000000
21 1641218278841 60.000000 0.000000 0.000000 94.000000
21 1641218278841 60.000000 0.000000 0.000000 94.000000
21 1641218278842 60.000000 0.000000 0.000000 94.000000
21 1641218278842 60.000000 0.000000 0.000000 94.000000
21 1641218279839 60.000000 0.000000 0.000000 94.000000
21 1641218477087 60.000000 0.000000 0.000000 94.000000
21 1641218477088 60.000000 0.000000 0.000000 94.000000
21 1641218477088 60.000000 0.000000 0.000000 94.000000
21 1641218477088 60.000000 0.000000 0.000000 94.000000
21 1641218477088 60.000000 0.000000 0.000000 94.000000
21 1641218477089 60.000000 0.000000 0.000000 94.000000
21 1641218477089 61.000000 0.000000 0.000000 94.000000
21 1641218477089 60.000000 0.000000 0.000000 94.000000
21 1641218477089 60.000000 0.000000 0.000000 94.000000
21 1641218477090 60.000000 0.000000 0.000000 94.000000
21 1641218477090 60.000000 0.000000 0.000000 94.000000
21 1641218477090 60.000000 0.000000 0.000000 94.000000
21 1641218477092 60.000000 0.000000 0.000000 94.000000
21 1641218477092 60.000000 0.000000 0.000000 94.000000
21 1641218477092 60.000000 0.000000 0.000000 94.000000
21 1641218477093 60.000000 0.000000 0.000000 94.000000
21 1641218477093 60.000000 0.000000 0.000000 94.000000
21 1641218477093 60.000000 0.000000 0.000000 94.000000
21 1641218477093 60.000000 0.000000 0.000000 94.000000
21 1641218477094 60.000000 0.000000 0.000000 94.000000
21 1641218477095 60.000000 0.000000 0.000000 94.000000
21 1641218477095 60.000000 0.000000 0.000000 94.000000
21 1641218477095 60.000000 0.000000 0.000000 94.000000
21 1641218477095 60.000000 0.000000 0.000000 94.000000
21 1641218477096 61.000000 0.000000 0.000000 94.000000
21 1641218477096 60.000000 0.000000 0.000000 94.000000
21 1641218477096 60.000000 0.000000 0.000000 94.000000
21 1641218477096 61.000000 0.000000 0.000000 94.000000
21 1641218477097 60.000000 0.000000 0.000000 94.000000
21 1641218477102 60.000000 0.000000 0.000000 94.000000
21 1641218477102 60.000000 0.000000 0.000000 94.000000
21 1641218477102 60.000000 0.000000 0.000000 94.000000
21 1641218477102 60.000000 0.000000 0.000000 94.000000
21 1641218477103 60.000000 0.000000 0.000000 94.000000
21 1641218477103 60.000000 0.000000 0.000000 94.000000
21 1641218477103 60.000000 0.000000 0.000000 94.000000
21 1641218477103 61.000000 0.000000 0.000000 94.000000
21 1641218477105 60.000000 0.000000 0.000000 94.000000
21 1641218477105 60.000000 0.000000 0.000000 94.000000
21 1641218477105 60.000000 0.000000 0.000000 94.000000
21 1641218477105 60.000000 0.000000 0.000000 94.000000
21 1641218477106 60.000000 0.000000 0.000000 94.000000
21 1641218477106 60.000000 0.000000 0.000000 94.000000
21 1641218477106 60.000000 0.000000 0.000000 94.000000
21 1641218477106 60.000000 0.000000 0.000000 94.000000
21 1641218477150 60.000000 0.000000 0.000000 94.000000
21 1641218477151 60.000000 0.000000 0.000000 94.000000
21 1641218477169 61.000000 0.000000 0.000000 94.000000
21 1641218477170 61.000000 0.000000 0.000000 94.000000
21 1641218477175 61.000000 0.000000 0.000000 94.000000
21 1641218477184 60.000000 0.000000 0.000000 94.000000
21 1641218477184 60.000000 0.000000 0.000000 94.000000
21 1641218477189 61.000000 0.000000 0.000000 94.000000
21 1641218477198 60.000000 0.000000 0.000000 94.000000
21 1641218477201 60.000000 0.000000 0.000000 94.000000
21 1641218477227 60.000000 0.000000 0.000000 94.000000
21 1641218477229 60.000000 0.000000 0.000000 94.000000
21 1641218477230 60.000000 0.000000 0.000000 94.000000
21 1641218477230 60.000000 0.000000 0.000000 94.000000
21 1641218477230 60.000000 0.000000 0.000000 94.000000
21 1641218477230 60.000000 0.000000 0.000000 94.000000
21 1641218477231 60.000000 0.000000 0.000000 94.000000
21 1641218477231 61.000000 0.000000 0.000000 94.000000
21 1641218477231 60.000000 0.000000 0.000000 94.000000
21 1641218477233 60.000000 0.000000 0.000000 94.000000
21 1641218477233 60.000000 0.000000 0.000000 94.000000
21 1641218477233 60.000000 0.000000 0.000000 94.000000
21 1641218477233 60.000000 0.000000 0.000000 94.000000
21 1641218477234 60.000000 0.000000 0.000000 94.000000
21 1641218477234 60.000000 0.000000 0.000000 94.000000
21 1641218477234 60.000000 0.000000 0.000000 94.000000
21 1641218477234 60.000000 0.000000 0.000000 94.000000
21 1641218477271 60.000000 0.000000 0.000000 94.000000
21 1641218477271 60.000000 0.000000 0.000000 94.000000
21 1641218477271 61.000000 0.000000 0.000000 94.000000
21 1641218477271 60.000000 0.000000 0.000000 94.000000
21 1641218477272 61.000000 0.000000 0.000000 94.000000
21 1641218477272 60.000000 0.000000 0.000000 94.000000
21 1641218477272 60.000000 0.000000 0.000000 94.000000
21 1641218477272 60.000000 0.000000 0.000000 94.000000
21 1641218477273 60.000000 0.000000 0.000000 94.000000
21 1641218477297 60.000000 0.000000 0.000000 94.000000
21 1641218477298 60.000000 0.000000 0.000000 94.000000
21 1641218477298 60.000000 0.000000 0.000000 94.000000
21 1641218477298 60.000000 0.000000 0.000000 94.000000
21 1641218477298 61.000000 0.000000 0.000000 94.000000
21 1641218477299 61.000000 0.000000 0.000000 94.000000
21 1641218477299 61.000000 0.000000 0.000000 94.000000
21 1641218477299 61.000000 0.000000 0.000000 94.000000
21 1641218477299 60.000000 0.000000 0.000000 94.000000
21 1641218477300 60.000000 0.000000 0.000000 94.000000
21 1641218477300 60.000000 0.000000 0.000000 94.000000
21 1641218477300 60.000000 0.000000 0.000000 94.000000
21 1641218477300 60.000000 0.000000 0.000000 94.000000
21 1641218477300 60.000000 0.000000 0.000000 94.000000
21 1641218477301 60.000000 0.000000 0.000000 94.000000
21 1641218477301 60.000000 0.000000 0.000000 94.000000
21 1641218477301 60.000000 0.000000 0.000000 94.000000
21 1641218477301 60.000000 0.000000 0.000000 94.000000
21 1641218477302 60.000000 0.000000 0.000000 94.000000
21 1641218477302 60.000000 0.000000 0.000000 94.000000
21 1641218477302 60.000000 0.000000 0.000000 94.000000
21 1641218477302 60.000000 0.000000 0.000000 94.000000
21 1641218477313 60.000000 0.000000 0.000000 94.000000
21 1641218477313 60.000000 0.000000 0.000000 94.000000
21 1641218477313 60.000000 0.000000 0.000000 94.000000
21 1641218477314 60.000000 0.000000 0.000000 94.000000
21 1641218477314 60.000000 0.000000 0.000000 94.000000
21 1641218477314 60.000000 0.000000 0.000000 94.000000
21 1641218477314 60.000000 0.000000 0.000000 94.000000
21 1641218477315 60.000000 0.000000 0.000000 94.000000
21 1641218477315 60.000000 0.000000 0.000000 94.000000
21 1641218477315 60.000000 0.000000 0.000000 94.000000
21 1641218477351 60.000000 0.000000 0.000000 94.000000
21 1641218477351 60.000000 0.000000 0.000000 94.000000
21 1641218477352 60.000000 0.000000 0.000000 94.000000
21 1641218477352 60.000000 0.000000 0.000000 94.000000
21 1641218477355 61.000000 0.000000 0.000000 94.000000
21 1641218477359 60.000000 0.000000 0.000000 94.000000
21 1641218477360 60.000000 0.000000 0.000000 94.000000
21 1641218477360 60.000000 0.000000 0.000000 94.000000
21 1641218477360 60.000000 0.000000 0.000000 94.000000
21 1641218477416 60.000000 0.000000 0.000000 94.000000
21 1641218477416 60.000000 0.000000 0.000000 94.000000
21 1641218477416 60.000000 0.000000 0.000000 94.000000
21 1641218477417 60.000000 0.000000 0.000000 94.000000
21 1641218477417 60.000000 0.000000 0.000000 94.000000
21 1641218477417 61.000000 0.000000 0.000000 94.000000
21 1641218477417 61.000000 0.000000 0.000000 94.000000
21 1641218477417 61.000000 0.000000 0.000000 94.000000
21 1641218477418 61.000000 0.000000 0.000000 94.000000
21 1641218477418 60.000000 0.000000 0.000000 94.000000
21 1641218477418 61.000000 0.000000 0.000000 94.000000
21 1641218477418 60.000000 0.000000 0.000000 94.000000
21 1641218477441 60.000000 0.000000 0.000000 94.000000
21 1641218477441 61.000000 0.000000 0.000000 94.000000
21 1641218477441 60.000000 0.000000 0.000000 94.000000
21 1641218477442 60.000000 0.000000 0.000000 94.000000
21 1641218477442 60.000000 0.000000 0.000000 94.000000
21 1641218477442 60.000000 0.000000 0.000000 94.000000
21 1641218477442 60.000000 0.000000 0.000000 94.000000
21 1641218477469 60.000000 0.000000 0.000000 94.000000
21 1641218477469 60.000000 0.000000 0.000000 94.000000
21 1641218477470 60.000000 0.000000 0.000000 94.000000
21 1641218477470 60.000000 0.000000 0.000000 94.000000
21 1641218477470 60.000000 0.000000 0.000000 94.000000
21 1641218477470 60.000000 0.000000 0.000000 94.000000
21 1641218477539 60.000000 0.000000 0.000000 94.000000
21 1641218477540 60.000000 0.000000 0.000000 94.000000
21 1641218477540 60.000000 0.000000 0.000000 94.000000
21 1641218477554 60.000000 0.000000 0.000000 94.000000
21 1641218477556 60.000000 0.000000 0.000000 94.000000
21 1641218477556 60.000000 0.000000 0.000000 94.000000
21 1641218477557 60.000000 0.000000 0.000000 94.000000
21 1641218477557 60.000000 0.000000 0.000000 94.000000
21 1641218477571 60.000000 0.000000 0.000000 94.000000
21 1641218477571 60.000000 0.000000 0.000000 94.000000
21 1641218477571 61.000000 0.000000 0.000000 94.000000
21 1641218477572 60.000000 0.000000 0.000000 94.000000
21 1641218477572 61.000000 0.000000 0.000000 94.000000
21 1641218477572 60.000000 0.000000 0.000000 94.000000
21 1641218477615 60.000000 0.000000 0.000000 94.000000
21 1641218477615 60.000000 0.000000 0.000000 94.000000
21 1641218477615 61.000000 0.000000 0.000000 94.000000
21 1641218477616 60.000000 0.000000 0.000000 94.000000
21 1641218477616 61.000000 0.000000 0.000000 94.000000
21 1641218477616 60.000000 0.000000 0.000000 94.000000
21 1641218477616 60.000000 0.000000 0.000000 94.000000
21 1641218477617 60.000000 0.000000 0.000000 94.000000
21 1641218477617 60.000000 0.000000 0.000000 94.000000
21 1641218477617 61.000000 0.000000 0.000000 94.000000
21 1641218477617 60.000000 0.000000 0.000000 94.000000
21 1641218477618 60.000000 0.000000 0.000000 94.000000
21 1641218477618 61.000000 0.000000 0.000000 94.000000
21 1641218477618 60.000000 0.000000 0.000000 94.000000
21 1641218477618 60.000000 0.000000 0.000000 94.000000
21 1641218477668 60.000000 0.000000 0.000000 94.000000
21 1641218477669 60.000000 0.000000 0.000000 94.000000
21 1641218477670 60.000000 0.000000 0.000000 94.000000
21 1641218477692 61.000000 0.000000 0.000000 94.000000
21 1641218477693 60.000000 0.000000 0.000000 94.000000
21 1641218477694 61.000000 0.000000 0.000000 94.000000
21 1641218477694 61.000000 0.000000 0.000000 94.000000
21 1641218477694 60.000000 0.000000 0.000000 94.000000
21 1641218477695 60.000000 0.000000 0.000000 94.000000
21 1641218477695 60.000000 0.000000 0.000000 94.000000
21 1641218477695 60.000000 0.000000 0.000000 94.000000
21 1641218477696 60.000000 0.000000 0.000000 94.000000
21 1641218477696 60.000000 0.000000 0.000000 94.000000
21 1641218477696 61.000000 0.000000 0.000000 94.000000
21 1641218477697 61.000000 0.000000 0.000000 94.000000
21 1641218477697 60.000000 0.000000 0.000000 94.000000
21 1641218477697 60.000000 0.000000 0.000000 94.000000
21 1641218478119 60.000000 0.000000 0.000000 94.000000
21 1641218479154 60.000000 0.000000 0.000000 94.000000
21 1641218480189 60.000000 0.000000 0.000000 94.000000
21 1641218481228 61.000000 0.000000 0.000000 94.000000
21 1641218482263 61.000000 0.000000 0.000000 94.000000
21 1641218483297 61.000000 0.000000 0.000000 94.000000
21 1641218484332 60.000000 0.000000 0.000000 94.000000
21 1641218485370 60.000000 0.000000 0.000000 94.000000
21 1641218486408 60.000000 0.000000 0.000000 94.000000
21 1641218487439 60.000000 0.000000 0.000000 94.000000
21 1641218488476 60.000000 0.000000 0.000000 94.000000
21 1641218489511 60.000000 0.000000 0.000000 94.000000
21 1641218490545 60.000000 0.000000 0.000000 94.000000
21 1641218491580 60.000000 0.000000 0.000000 94.000000
21 1641218492617 60.000000 0.000000 0.000000 94.000000
21 1641218493650 60.000000 0.000000 0.000000 94.000000
21 1641218494686 61.000000 0.000000 0.000000 94.000000
21 1641218495725 60.000000 0.000000 0.000000 94.000000
21 1641218496757 60.000000 0.000000 0.000000 94.000000
21 1641218497794 60.000000 0.000000 0.000000 94.000000
21 1641218498828 60.000000 0.000000 0.000000 94.000000
21 1641218499863 60.000000 0.000000 0.000000 94.000000
21 1641218500898 61.000000 0.000000 0.000000 94.000000
21 1641218501935 61.000000 0.000000 0.000000 94.000000
21 1641218502969 61.000000 0.000000 0.000000 94.000000
21 1641218504005 61.000000 0.000000 0.000000 94.000000
21 1641218505040 61.000000 0.000000 0.000000 94.000000
21 1641218509154 61.000000 0.000000 0.000000 94.000000
21 1641218509154 61.000000 0.000000 0.000000 94.000000
21 1641218509155 60.000000 0.000000 0.000000 94.000000
21 1641218509155 60.000000 0.000000 0.000000 94.000000
21 1641218510190 60.000000 0.000000 0.000000 94.000000
