1 1641298496790 -0.158017 -0.162806 9.813833 14.000000
6 1641298496792 988.627441 0.000000 0.000000 14.000000
1 1641298497130 -0.134075 -0.282516 9.842564 14.000000
6 1641298497132 988.632568 0.000000 0.000000 14.000000
1 1641298497134 -0.129287 -0.256180 9.763555 14.000000
6 1641298497154 988.633057 0.000000 0.000000 14.000000
1 1641298497227 -0.136469 -0.237026 9.732430 14.000000
6 1641298497348 988.634277 0.000000 0.000000 14.000000
1 1641298497388 -0.031125 -0.244209 9.830592 14.000000
1 1641298497549 -0.143652 -0.270545 9.758766 14.000000
6 1641298497551 988.624756 0.000000 0.000000 14.000000
1 1641298497710 -0.110133 -0.301669 9.799467 14.000000
6 1641298497750 988.633301 0.000000 0.000000 14.000000
21 1641298497752 0.000000 0.000000 0.000000 14.000000
1 1641298497871 -0.102951 -0.208296 9.732430 14.000000
6 1641298497951 988.640381 0.000000 0.000000 14.000000
1 1641298498032 -0.184354 -0.301669 9.821015 14.000000
6 1641298498153 988.634033 0.000000 0.000000 14.000000
1 1641298498193 -0.028730 -0.215478 9.842564 14.000000
1 1641298498354 -0.086191 -0.244209 9.856929 14.000000
6 1641298498356 988.627686 0.000000 0.000000 14.000000
1 1641298498515 -0.184354 -0.217872 9.849746 14.000000
6 1641298498555 988.621826 0.000000 0.000000 14.000000
1 1641298498676 -0.117316 -0.263362 9.809045 14.000000
6 1641298498757 988.622314 0.000000 0.000000 14.000000
21 1641298498759 0.000000 0.000000 0.000000 14.000000
1 1641298498837 -0.184354 -0.227449 9.816227 14.000000
6 1641298498958 988.618164 0.000000 0.000000 14.000000
1 1641298498999 -0.148441 -0.225055 9.837775 14.000000
1 1641298499160 -0.095768 -0.294487 9.854534 14.000000
6 1641298499162 988.620361 0.000000 0.000000 14.000000
1 1641298499322 -0.146046 -0.222661 9.785102 14.000000
6 1641298499362 988.617676 0.000000 0.000000 14.000000
1 1641298499484 -0.081403 -0.220267 9.801862 14.000000
6 1641298499564 988.632813 0.000000 0.000000 14.000000
1 1641298499645 -0.110133 -0.203507 9.840169 14.000000
6 1641298499766 988.638672 0.000000 0.000000 14.000000
21 1641298499768 0.000000 0.000000 0.000000 14.000000
1 1641298499807 -0.119710 -0.294487 9.866506 14.000000
1 1641298499965 -0.086191 -0.229843 9.876082 14.000000
6 1641298499967 988.626709 0.000000 0.000000 14.000000
1 1641298500126 -0.090980 -0.253785 9.823410 14.000000
6 1641298500167 988.635010 0.000000 0.000000 14.000000
1 1641298500287 -0.112527 -0.299275 9.825804 14.000000
6 1641298500368 988.629395 0.000000 0.000000 14.000000
1 1641298500448 -0.160412 -0.203507 9.842564 14.000000
6 1641298500569 988.633301 0.000000 0.000000 14.000000
1 1641298500609 -0.114922 -0.239420 9.876082 14.000000
1 1641298500770 -0.095768 -0.311246 9.849746 14.000000
6 1641298500772 988.642578 0.000000 0.000000 14.000000
21 1641298500773 0.000000 0.000000 0.000000 14.000000
1 1641298500962 -0.117316 -0.205901 9.861717 14.000000
6 1641298500981 988.631592 0.000000 0.000000 14.000000
1 1641298501092 -0.167594 -0.198719 9.840169 14.000000
6 1641298501172 988.631348 0.000000 0.000000 14.000000
1 1641298501253 -0.146046 -0.253785 9.821015 14.000000
6 1641298501381 988.639893 0.000000 0.000000 14.000000
1 1641298501415 -0.095768 -0.208296 9.753978 14.000000
1 1641298501576 -0.160412 -0.239420 9.830592 14.000000
6 1641298501580 988.646729 0.000000 0.000000 14.000000
1 1641298501737 -0.146046 -0.299275 9.809045 14.000000
6 1641298501779 988.633545 0.000000 0.000000 14.000000
21 1641298501780 0.000000 0.000000 0.000000 14.000000
1 1641298501898 -0.148441 -0.225055 9.890448 14.000000
6 1641298501979 988.632813 0.000000 0.000000 14.000000
1 1641298502060 -0.181959 -0.244209 9.878476 14.000000
6 1641298502181 988.631592 0.000000 0.000000 14.000000
1 1641298502221 -0.126893 -0.217872 9.806650 14.000000
1 1641298502383 -0.167594 -0.313640 9.763555 14.000000
6 1641298502384 988.632813 0.000000 0.000000 14.000000
1 1641298502545 -0.119710 -0.244209 9.825804 14.000000
6 1641298502585 988.632813 0.000000 0.000000 14.000000
1 1641298502704 -0.129287 -0.222661 9.844957 14.000000
6 1641298502785 988.631592 0.000000 0.000000 14.000000
21 1641298502786 0.000000 0.000000 0.000000 14.000000
1 1641298502865 -0.136469 -0.222661 9.823410 14.000000
6 1641298502985 988.634766 0.000000 0.000000 14.000000
1 1641298503026 -0.124498 -0.184354 9.847352 14.000000
1 1641298503186 -0.122104 -0.263362 9.844957 14.000000
6 1641298503187 988.647949 0.000000 0.000000 14.000000
1 1641298503347 -0.138864 -0.227449 9.832987 14.000000
6 1641298503388 988.639893 0.000000 0.000000 14.000000
1 1641298503509 -0.203507 -0.275333 9.878476 14.000000
6 1641298503590 988.650879 0.000000 0.000000 14.000000
1 1641298503669 -0.110133 -0.225055 9.890448 14.000000
6 1641298503791 988.654541 0.000000 0.000000 14.000000
21 1641298503791 0.000000 0.000000 0.000000 14.000000
1 1641298503830 -0.193930 -0.318429 9.883265 14.000000
1 1641298503991 -0.191536 -0.246603 9.813833 14.000000
6 1641298503992 988.653076 0.000000 0.000000 14.000000
1 1641298504152 -0.198719 -0.246603 9.825804 14.000000
6 1641298504192 988.648682 0.000000 0.000000 14.000000
1 1641298504313 -0.150835 -0.232238 9.835381 14.000000
6 1641298504394 988.640137 0.000000 0.000000 14.000000
1 1641298504474 -0.122104 -0.220267 9.818622 14.000000
6 1641298504595 988.633057 0.000000 0.000000 14.000000
1 1641298504635 -0.093374 -0.213084 9.832987 14.000000
1 1641298504798 -0.143652 -0.215478 9.804255 14.000000
6 1641298504799 988.631104 0.000000 0.000000 14.000000
21 1641298504799 0.000000 0.000000 0.000000 14.000000
1 1641298504959 -0.136469 -0.225055 9.868899 14.000000
6 1641298504999 988.629395 0.000000 0.000000 14.000000
1 1641298505121 -0.172383 -0.270545 9.842564 14.000000
6 1641298505201 988.632568 0.000000 0.000000 14.000000
1 1641298505286 -0.172383 -0.167594 9.830592 14.000000
6 1641298505403 988.636719 0.000000 0.000000 14.000000
1 1641298505444 -0.148441 -0.210690 9.868899 14.000000
1 1641298505603 -0.146046 -0.174777 9.885659 14.000000
6 1641298505603 988.623047 0.000000 0.000000 14.000000
1 1641298505763 -0.124498 -0.246603 9.844957 14.000000
6 1641298505804 988.627686 0.000000 0.000000 14.000000
21 1641298505805 0.000000 0.000000 0.000000 14.000000
1 1641298505924 -0.155623 -0.198719 9.856929 14.000000
6 1641298506005 988.623535 0.000000 0.000000 14.000000
1 1641298506085 -0.038307 -0.239420 9.806650 14.000000
6 1641298506206 988.624756 0.000000 0.000000 14.000000
1 1641298506246 -0.162806 -0.289698 9.847352 14.000000
1 1641298506407 -0.088585 -0.186748 9.849746 14.000000
6 1641298506408 988.621338 0.000000 0.000000 14.000000
1 1641298506568 -0.122104 -0.248997 9.842564 14.000000
6 1641298506608 988.625488 0.000000 0.000000 14.000000
1 1641298506729 -0.105345 -0.258574 9.794679 14.000000
6 1641298506810 988.625000 0.000000 0.000000 14.000000
21 1641298506811 0.000000 0.000000 0.000000 14.000000
1 1641298506890 -0.193930 -0.270545 9.813833 14.000000
6 1641298507011 988.627197 0.000000 0.000000 14.000000
1 1641298507051 -0.122104 -0.215478 9.794679 14.000000
1 1641298507212 -0.071826 -0.260968 9.804255 14.000000
6 1641298507212 988.632324 0.000000 0.000000 14.000000
1 1641298507373 -0.114922 -0.225055 9.852140 14.000000
6 1641298507413 988.632568 0.000000 0.000000 14.000000
1 1641298507534 -0.126893 -0.225055 9.859323 14.000000
6 1641298507615 988.628418 0.000000 0.000000 14.000000
1 1641298507696 -0.059855 -0.265756 9.804255 14.000000
6 1641298507818 988.621582 0.000000 0.000000 14.000000
21 1641298507820 0.000000 0.000000 0.000000 14.000000
1 1641298507858 -0.141258 -0.263362 9.813833 14.000000
1 1641298508020 -0.186748 -0.222661 9.878476 14.000000
6 1641298508020 988.633789 0.000000 0.000000 14.000000
1 1641298508181 -0.117316 -0.248997 9.797073 14.000000
6 1641298508221 988.627441 0.000000 0.000000 14.000000
1 1641298508343 -0.191536 -0.184354 9.866506 14.000000
6 1641298508423 988.630127 0.000000 0.000000 14.000000
1 1641298508504 -0.146046 -0.328006 9.883265 14.000000
6 1641298508625 988.636230 0.000000 0.000000 14.000000
1 1641298508665 -0.117316 -0.220267 9.832987 14.000000
1 1641298508826 -0.124498 -0.294487 9.909601 14.000000
6 1641298508827 988.639648 0.000000 0.000000 14.000000
21 1641298508827 0.000000 0.000000 0.000000 14.000000
1 1641298508986 -0.119710 -0.251391 9.907207 14.000000
6 1641298509025 988.631592 0.000000 0.000000 14.000000
1 1641298509146 -0.203507 -0.203507 9.892841 14.000000
6 1641298509227 988.615967 0.000000 0.000000 14.000000
1 1641298509307 -0.158017 -0.280122 9.919178 14.000000
6 1641298509428 988.633301 0.000000 0.000000 14.000000
1 1641298509468 -0.047884 -0.234632 9.868899 14.000000
1 1641298509629 -0.114922 -0.210690 9.923966 14.000000
6 1641298509630 988.630859 0.000000 0.000000 14.000000
1 1641298509791 -0.158017 -0.234632 9.840169 14.000000
6 1641298509831 988.627197 0.000000 0.000000 14.000000
21 1641298509831 0.000000 0.000000 0.000000 14.000000
1 1641298509951 -0.181959 -0.220267 9.895236 14.000000
6 1641298510033 988.631348 0.000000 0.000000 14.000000
1 1641298510112 -0.129287 -0.268151 9.943120 14.000000
6 1641298510233 988.633057 0.000000 0.000000 14.000000
1 1641298510273 -0.189142 -0.248997 9.955091 14.000000
1 1641298510435 -0.191536 -0.191536 9.873688 14.000000
6 1641298510435 988.631348 0.000000 0.000000 14.000000
1 1641298510595 -0.126893 -0.248997 9.873688 14.000000
6 1641298510636 988.632813 0.000000 0.000000 14.000000
1 1641298510757 -0.155623 -0.265756 9.916783 14.000000
6 1641298510838 988.632813 0.000000 0.000000 14.000000
21 1641298510838 0.000000 0.000000 0.000000 14.000000
1 1641298510918 -0.100556 -0.294487 9.926360 14.000000
6 1641298511039 988.628418 0.000000 0.000000 14.000000
1 1641298511080 -0.148441 -0.222661 9.919178 14.000000
1 1641298511241 -0.086191 -0.251391 9.921572 14.000000
6 1641298511242 988.631836 0.000000 0.000000 14.000000
1 1641298511403 -0.158017 -0.263362 9.900024 14.000000
6 1641298511443 988.626953 0.000000 0.000000 14.000000
1 1641298511565 -0.131681 -0.239420 9.933543 14.000000
6 1641298511645 988.619385 0.000000 0.000000 14.000000
1 1641298511726 -0.131681 -0.244209 9.935937 14.000000
6 1641298511848 988.618164 0.000000 0.000000 14.000000
21 1641298511849 0.000000 0.000000 0.000000 14.000000
1 1641298511888 -0.114922 -0.246603 9.864111 14.000000
1 1641298512049 -0.146046 -0.227449 9.902418 14.000000
6 1641298512050 988.621338 0.000000 0.000000 14.000000
1 1641298512211 -0.148441 -0.189142 9.900024 14.000000
6 1641298512251 988.632324 0.000000 0.000000 14.000000
1 1641298512372 -0.134075 -0.234632 9.852140 14.000000
6 1641298512452 988.634277 0.000000 0.000000 14.000000
1 1641298512532 -0.131681 -0.270545 9.835381 14.000000
6 1641298512653 988.643066 0.000000 0.000000 14.000000
1 1641298512693 -0.158017 -0.232238 9.823410 14.000000
1 1641298512854 -0.093374 -0.265756 9.739613 14.000000
6 1641298512855 988.643555 0.000000 0.000000 14.000000
21 1641298512855 0.000000 0.000000 0.000000 14.000000
1 1641298513015 -0.129287 -0.146046 9.821015 14.000000
6 1641298513055 988.641113 0.000000 0.000000 14.000000
1 1641298513176 -0.117316 -0.184354 9.828198 14.000000
6 1641298513256 988.646484 0.000000 0.000000 14.000000
1 1641298513337 -0.114922 -0.177171 9.782708 14.000000
6 1641298513457 988.637939 0.000000 0.000000 14.000000
1 1641298513497 -0.079009 -0.205901 9.873688 14.000000
1 1641298513659 -0.119710 -0.270545 9.844957 14.000000
6 1641298513659 988.637207 0.000000 0.000000 14.000000
1 1641298513820 -0.158017 -0.229843 9.847352 14.000000
6 1641298513861 988.646484 0.000000 0.000000 14.000000
21 1641298513861 0.000000 0.000000 0.000000 14.000000
1 1641298513981 -0.148441 -0.253785 9.847352 14.000000
6 1641298514061 988.651611 0.000000 0.000000 14.000000
1 1641298514142 -0.150835 -0.184354 9.792285 14.000000
6 1641298514262 988.650146 0.000000 0.000000 14.000000
1 1641298514303 -0.136469 -0.263362 9.859323 14.000000
1 1641298514465 -0.102951 -0.263362 9.818622 14.000000
6 1641298514465 988.650391 0.000000 0.000000 14.000000
1 1641298514625 -0.102951 -0.253785 9.828198 14.000000
6 1641298514665 988.657959 0.000000 0.000000 14.000000
1 1641298514786 -0.148441 -0.217872 9.837775 14.000000
6 1641298514868 988.651123 0.000000 0.000000 14.000000
21 1641298514868 0.000000 0.000000 0.000000 14.000000
1 1641298514948 -0.114922 -0.208296 9.816227 14.000000
6 1641298515069 988.650146 0.000000 0.000000 14.000000
1 1641298515110 -0.090980 -0.251391 9.832987 14.000000
1 1641298515271 -0.143652 -0.198719 9.842564 14.000000
6 1641298515272 988.649414 0.000000 0.000000 14.000000
1 1641298515433 -0.148441 -0.244209 9.842564 14.000000
6 1641298515474 988.643555 0.000000 0.000000 14.000000
1 1641298515594 -0.126893 -0.275333 9.830592 14.000000
6 1641298515675 988.648682 0.000000 0.000000 14.000000
1 1641298515756 -0.107739 -0.196325 9.888053 14.000000
6 1641298515878 988.641113 0.000000 0.000000 14.000000
21 1641298515878 0.000000 0.000000 0.000000 14.000000
1 1641298515917 -0.093374 -0.186748 9.931149 14.000000
1 1641298516079 -0.079009 -0.205901 9.811439 14.000000
6 1641298516079 988.631592 0.000000 0.000000 14.000000
1 1641298516239 -0.196325 -0.220267 9.821015 14.000000
6 1641298516279 988.640137 0.000000 0.000000 14.000000
1 1641298516399 -0.155623 -0.258574 9.914390 14.000000
6 1641298516480 988.641357 0.000000 0.000000 14.000000
1 1641298516560 -0.088585 -0.234632 9.861717 14.000000
6 1641298516681 988.642578 0.000000 0.000000 14.000000
1 1641298516721 -0.079009 -0.277727 9.864111 14.000000
1 1641298516883 -0.129287 -0.304064 9.933543 14.000000
6 1641298516883 988.641602 0.000000 0.000000 14.000000
21 1641298516884 0.000000 0.000000 0.000000 14.000000
1 1641298517043 -0.162806 -0.366313 9.837775 14.000000
6 1641298517083 988.643799 0.000000 0.000000 14.000000
1 1641298517204 -0.100556 -0.177171 9.849746 14.000000
6 1641298517285 988.648926 0.000000 0.000000 14.000000
1 1641298517365 -0.126893 -0.213084 9.878476 14.000000
6 1641298517486 988.654297 0.000000 0.000000 14.000000
1 1641298517526 -0.143652 -0.217872 9.830592 14.000000
1 1641298517688 -0.186748 -0.272939 9.806650 14.000000
6 1641298517688 988.651123 0.000000 0.000000 14.000000
1 1641298517849 -0.105345 -0.244209 9.914390 14.000000
6 1641298517889 988.649902 0.000000 0.000000 14.000000
21 1641298517890 0.000000 0.000000 0.000000 14.000000
1 1641298518009 -0.167594 -0.251391 9.811439 14.000000
6 1641298518090 988.648193 0.000000 0.000000 14.000000
1 1641298518170 -0.184354 -0.246603 9.806650 14.000000
6 1641298518291 988.647217 0.000000 0.000000 14.000000
1 1641298518331 -0.076614 -0.213084 9.876082 14.000000
1 1641298518493 -0.213084 -0.225055 9.849746 14.000000
6 1641298518493 988.640625 0.000000 0.000000 14.000000
1 1641298518655 -0.181959 -0.217872 9.852140 14.000000
6 1641298518695 988.638672 0.000000 0.000000 14.000000
1 1641298518816 -0.090980 -0.213084 9.832987 14.000000
6 1641298518898 988.642578 0.000000 0.000000 14.000000
21 1641298518898 0.000000 0.000000 0.000000 14.000000
1 1641298518978 -0.052672 -0.258574 9.873688 14.000000
6 1641298519099 988.643311 0.000000 0.000000 14.000000
1 1641298519139 -0.088585 -0.222661 9.864111 14.000000
1 1641298519301 -0.083797 -0.208296 9.854534 14.000000
6 1641298519301 988.651855 0.000000 0.000000 14.000000
1 1641298519463 -0.126893 -0.201113 9.847352 14.000000
6 1641298519503 988.649170 0.000000 0.000000 14.000000
1 1641298519622 -0.217872 -0.277727 9.828198 14.000000
6 1641298519702 988.652832 0.000000 0.000000 14.000000
1 1641298519783 -0.160412 -0.270545 9.782708 14.000000
6 1641298519904 988.653076 0.000000 0.000000 14.000000
21 1641298519904 0.000000 0.000000 0.000000 14.000000
1 1641298519943 -0.107739 -0.260968 9.844957 14.000000
1 1641298520104 -0.213084 -0.287304 9.916783 14.000000
6 1641298520105 988.656494 0.000000 0.000000 14.000000
1 1641298520265 -0.134075 -0.220267 9.883265 14.000000
6 1641298520306 988.647217 0.000000 0.000000 14.000000
1 1641298520427 -0.136469 -0.208296 9.825804 14.000000
6 1641298520507 988.648193 0.000000 0.000000 14.000000
1 1641298520588 -0.090980 -0.232238 9.835381 14.000000
6 1641298520708 988.655762 0.000000 0.000000 14.000000
1 1641298520749 -0.136469 -0.248997 9.821015 14.000000
1 1641298520910 -0.074220 -0.234632 9.883265 14.000000
6 1641298520910 988.654785 0.000000 0.000000 14.000000
21 1641298520911 0.000000 0.000000 0.000000 14.000000
1 1641298521070 -0.131681 -0.251391 9.801862 14.000000
6 1641298521111 988.655762 0.000000 0.000000 14.000000
1 1641298521231 -0.141258 -0.253785 9.830592 14.000000
6 1641298521315 988.658447 0.000000 0.000000 14.000000
1 1641298521392 -0.153229 -0.232238 9.895236 14.000000
6 1641298521513 988.647461 0.000000 0.000000 14.000000
1 1641298521564 -0.119710 -0.227449 9.837775 14.000000
1 1641298521715 -0.153229 -0.330400 9.907207 14.000000
6 1641298521715 988.645996 0.000000 0.000000 14.000000
1 1641298521876 -0.191536 -0.234632 9.890448 14.000000
6 1641298521917 988.651367 0.000000 0.000000 14.000000
21 1641298521918 0.000000 0.000000 0.000000 14.000000
1 1641298522038 -0.177171 -0.253785 9.852140 14.000000
6 1641298522119 988.649902 0.000000 0.000000 14.000000
1 1641298522200 -0.105345 -0.280122 9.880871 14.000000
6 1641298522321 988.638428 0.000000 0.000000 14.000000
1 1641298522362 -0.064643 -0.217872 9.897630 14.000000
1 1641298522523 -0.119710 -0.234632 9.904813 14.000000
6 1641298522523 988.644287 0.000000 0.000000 14.000000
1 1641298522684 -0.119710 -0.270545 9.844957 14.000000
6 1641298522725 988.641846 0.000000 0.000000 14.000000
1 1641298522846 -0.150835 -0.256180 9.813833 14.000000
6 1641298522927 988.644043 0.000000 0.000000 14.000000
21 1641298522927 0.000000 0.000000 0.000000 14.000000
1 1641298523007 -0.088585 -0.227449 9.852140 14.000000
6 1641298523129 988.651123 0.000000 0.000000 14.000000
1 1641298523169 -0.148441 -0.191536 9.921572 14.000000
1 1641298523331 -0.155623 -0.234632 9.873688 14.000000
6 1641298523331 988.648438 0.000000 0.000000 14.000000
1 1641298523492 -0.131681 -0.234632 9.849746 14.000000
6 1641298523532 988.659180 0.000000 0.000000 14.000000
1 1641298523652 -0.124498 -0.203507 9.880871 14.000000
6 1641298523732 988.655762 0.000000 0.000000 14.000000
1 1641298523812 -0.124498 -0.165200 9.878476 14.000000
6 1641298524011 988.655762 0.000000 0.000000 14.000000
21 1641298524011 0.000000 0.000000 0.000000 14.000000
1 1641298524012 -0.181959 -0.229843 9.861717 14.000000
1 1641298524134 -0.136469 -0.244209 9.914390 14.000000
6 1641298524134 988.657959 0.000000 0.000000 14.000000
1 1641298524295 -0.112527 -0.227449 9.904813 14.000000
6 1641298524335 988.660645 0.000000 0.000000 14.000000
1 1641298524456 -0.146046 -0.304064 9.911995 14.000000
6 1641298524536 988.660889 0.000000 0.000000 14.000000
1 1641298524617 -0.122104 -0.265756 9.928755 14.000000
6 1641298524738 988.647705 0.000000 0.000000 14.000000
1 1641298524778 -0.169988 -0.215478 9.847352 14.000000
1 1641298524940 -0.112527 -0.256180 9.895236 14.000000
6 1641298524940 988.648682 0.000000 0.000000 14.000000
21 1641298524940 0.000000 0.000000 0.000000 14.000000
1 1641298525101 -0.090980 -0.220267 9.916783 14.000000
6 1641298525141 988.651855 0.000000 0.000000 14.000000
1 1641298525261 -0.160412 -0.205901 9.940725 14.000000
6 1641298525342 988.646729 0.000000 0.000000 14.000000
1 1641298525422 -0.134075 -0.263362 9.897630 14.000000
6 1641298525543 988.656494 0.000000 0.000000 14.000000
1 1641298525583 -0.055067 -0.234632 9.861717 14.000000
1 1641298525745 -0.146046 -0.174777 9.832987 14.000000
6 1641298525745 988.664307 0.000000 0.000000 14.000000
1 1641298525906 -0.150835 -0.225055 9.861717 14.000000
6 1641298525946 988.665039 0.000000 0.000000 14.000000
21 1641298525947 0.000000 0.000000 0.000000 14.000000
1 1641298526067 -0.110133 -0.241814 9.809045 14.000000
6 1641298526148 988.667236 0.000000 0.000000 14.000000
1 1641298526229 -0.150835 -0.181959 9.844957 14.000000
6 1641298526351 988.664551 0.000000 0.000000 14.000000
1 1641298526391 -0.138864 -0.193930 9.770737 14.000000
1 1641298526553 -0.122104 -0.284910 9.832987 14.000000
6 1641298526553 988.666260 0.000000 0.000000 14.000000
1 1641298526714 -0.102951 -0.320823 9.799467 14.000000
6 1641298526754 988.673584 0.000000 0.000000 14.000000
1 1641298526876 -0.131681 -0.198719 9.861717 14.000000
6 1641298526957 988.665771 0.000000 0.000000 14.000000
21 1641298526957 0.000000 0.000000 0.000000 14.000000
1 1641298527037 -0.158017 -0.215478 9.825804 14.000000
6 1641298527158 988.649902 0.000000 0.000000 14.000000
1 1641298527199 -0.136469 -0.210690 9.804255 14.000000
1 1641298527358 -0.095768 -0.268151 9.816227 14.000000
6 1641298527359 988.650879 0.000000 0.000000 14.000000
1 1641298527519 -0.117316 -0.239420 9.777920 14.000000
6 1641298527559 988.651611 0.000000 0.000000 14.000000
1 1641298527680 -0.093374 -0.222661 9.801862 14.000000
6 1641298527760 988.656006 0.000000 0.000000 14.000000
1 1641298527841 -0.095768 -0.229843 9.806650 14.000000
6 1641298527962 988.663086 0.000000 0.000000 14.000000
21 1641298527962 0.000000 0.000000 0.000000 14.000000
1 1641298528002 -0.057461 -0.316035 9.806650 14.000000
1 1641298528163 -0.059855 -0.237026 9.825804 14.000000
6 1641298528163 988.666016 0.000000 0.000000 14.000000
1 1641298528324 -0.069432 -0.282516 9.823410 14.000000
6 1641298528364 988.671387 0.000000 0.000000 14.000000
1 1641298528485 -0.064643 -0.210690 9.785102 14.000000
6 1641298528565 988.665527 0.000000 0.000000 14.000000
1 1641298528646 -0.067038 -0.263362 9.816227 14.000000
